%Barred Bathymetry used in the 2004 REU experiment
%File compiled from east and west wall surveys, interpolated onto 0.1 m grid - Jason Magalen
%x=0 : Wavemaker, positive onshore ; z=0 : SWL positive up
%x [m]      z [m]
0.02	 -4.252
0.12	 -4.252
0.22	 -4.252
0.32	 -4.252
0.42	 -4.252
0.52	 -4.252
0.62	 -4.252
0.72	 -4.252
0.82	 -4.252
0.92	 -4.252
1.02	 -4.252
1.12	 -4.252
1.22	 -4.249
1.32	 -4.245
1.42	 -4.242
1.52	 -4.241
1.62	 -4.171
1.72	 -4.080
1.82	 -3.988
1.92	 -3.897
2.02	 -3.805
2.12	 -3.733
2.22	 -3.776
2.32	 -3.851
2.42	 -3.926
2.52	 -4.002
2.62	 -4.077
2.72	 -4.146
2.82	 -4.139
2.92	 -4.132
3.02	 -4.125
3.12	 -4.118
3.22	 -4.111
3.32	 -4.104
3.42	 -4.097
3.52	 -4.090
3.62	 -4.083
3.72	 -4.076
3.82	 -4.069
3.92	 -4.061
4.02	 -4.054
4.12	 -4.047
4.22	 -4.039
4.32	 -4.032
4.42	 -4.025
4.52	 -4.017
4.62	 -4.010
4.72	 -4.003
4.82	 -3.994
4.92	 -3.986
5.02	 -3.978
5.12	 -3.969
5.22	 -3.961
5.32	 -3.952
5.42	 -3.944
5.52	 -3.936
5.62	 -3.928
5.72	 -3.920
5.82	 -3.912
5.92	 -3.906
6.02	 -3.899
6.12	 -3.893
6.22	 -3.886
6.32	 -3.879
6.42	 -3.873
6.52	 -3.866
6.62	 -3.859
6.72	 -3.853
6.82	 -3.846
6.92	 -3.839
7.02	 -3.832
7.12	 -3.826
7.22	 -3.818
7.32	 -3.811
7.42	 -3.803
7.52	 -3.796
7.62	 -3.788
7.72	 -3.781
7.82	 -3.772
7.92	 -3.764
8.02	 -3.756
8.12	 -3.748
8.22	 -3.739
8.32	 -3.731
8.42	 -3.723
8.52	 -3.715
8.62	 -3.707
8.72	 -3.700
8.82	 -3.692
8.92	 -3.684
9.02	 -3.677
9.12	 -3.670
9.22	 -3.663
9.32	 -3.656
9.42	 -3.649
9.52	 -3.642
9.62	 -3.634
9.72	 -3.627
9.82	 -3.619
9.92	 -3.611
10.02	 -3.603
10.12	 -3.596
10.22	 -3.588
10.32	 -3.580
10.42	 -3.572
10.52	 -3.564
10.62	 -3.556
10.72	 -3.548
10.82	 -3.541
10.92	 -3.533
11.02	 -3.526
11.12	 -3.518
11.22	 -3.510
11.32	 -3.503
11.42	 -3.495
11.52	 -3.488
11.62	 -3.480
11.72	 -3.473
11.82	 -3.465
11.92	 -3.458
12.02	 -3.451
12.12	 -3.443
12.22	 -3.435
12.32	 -3.427
12.42	 -3.419
12.52	 -3.412
12.62	 -3.405
12.72	 -3.396
12.82	 -3.387
12.92	 -3.378
13.02	 -3.369
13.12	 -3.360
13.22	 -3.231
13.32	 -3.184
13.42	 -3.184
13.52	 -3.185
13.62	 -3.185
13.72	 -3.186
13.82	 -3.186
13.92	 -3.185
14.02	 -3.185
14.12	 -3.184
14.22	 -3.183
14.32	 -3.183
14.42	 -3.182
14.52	 -3.181
14.62	 -3.181
14.72	 -3.181
14.82	 -3.181
14.92	 -3.182
15.02	 -3.182
15.12	 -3.183
15.22	 -3.183
15.32	 -3.184
15.42	 -3.184
15.52	 -3.185
15.62	 -3.186
15.72	 -3.186
15.82	 -3.186
15.92	 -3.187
16.02	 -3.187
16.12	 -3.187
16.22	 -3.183
16.32	 -3.178
16.42	 -3.160
16.52	 -3.140
16.62	 -3.121
16.72	 -3.101
16.82	 -3.082
16.92	 -3.063
17.02	 -3.043
17.12	 -3.024
17.22	 -3.004
17.32	 -2.985
17.42	 -2.966
17.52	 -2.947
17.62	 -2.928
17.72	 -2.908
17.82	 -2.889
17.92	 -2.870
18.02	 -2.850
18.12	 -2.830
18.22	 -2.809
18.32	 -2.788
18.42	 -2.768
18.52	 -2.747
18.62	 -2.726
18.72	 -2.705
18.82	 -2.684
18.92	 -2.663
19.02	 -2.642
19.12	 -2.622
19.22	 -2.601
19.32	 -2.580
19.42	 -2.560
19.52	 -2.539
19.62	 -2.518
19.72	 -2.498
19.82	 -2.491
19.92	 -2.494
20.02	 -2.493
20.12	 -2.485
20.22	 -2.478
20.32	 -2.470
20.42	 -2.462
20.52	 -2.454
20.62	 -2.447
20.72	 -2.439
20.82	 -2.431
20.92	 -2.423
21.02	 -2.415
21.12	 -2.407
21.22	 -2.399
21.32	 -2.392
21.42	 -2.384
21.52	 -2.376
21.62	 -2.368
21.72	 -2.359
21.82	 -2.351
21.92	 -2.342
22.02	 -2.333
22.12	 -2.325
22.22	 -2.316
22.32	 -2.307
22.42	 -2.299
22.52	 -2.290
22.62	 -2.281
22.72	 -2.272
22.82	 -2.263
22.92	 -2.254
23.02	 -2.244
23.12	 -2.235
23.22	 -2.226
23.32	 -2.217
23.42	 -2.208
23.52	 -2.200
23.62	 -2.192
23.72	 -2.183
23.82	 -2.176
23.92	 -2.169
24.02	 -2.162
24.12	 -2.155
24.22	 -2.148
24.32	 -2.141
24.42	 -2.133
24.52	 -2.126
24.62	 -2.118
24.72	 -2.110
24.82	 -2.103
24.92	 -2.095
25.02	 -2.087
25.12	 -2.079
25.22	 -2.072
25.32	 -2.064
25.42	 -2.056
25.52	 -2.047
25.62	 -2.038
25.72	 -2.029
25.82	 -2.020
25.92	 -2.011
26.02	 -2.002
26.12	 -1.994
26.22	 -1.985
26.32	 -1.976
26.42	 -1.966
26.52	 -1.957
26.62	 -1.948
26.72	 -1.939
26.82	 -1.929
26.92	 -1.920
27.02	 -1.911
27.12	 -1.902
27.22	 -1.893
27.32	 -1.886
27.42	 -1.884
27.52	 -1.883
27.62	 -1.881
27.72	 -1.879
27.82	 -1.878
27.92	 -1.876
28.02	 -1.874
28.12	 -1.872
28.22	 -1.870
28.32	 -1.868
28.42	 -1.866
28.52	 -1.864
28.62	 -1.862
28.72	 -1.859
28.82	 -1.857
28.92	 -1.855
29.02	 -1.853
29.12	 -1.850
29.22	 -1.847
29.32	 -1.844
29.42	 -1.840
29.52	 -1.837
29.62	 -1.834
29.72	 -1.831
29.82	 -1.827
29.92	 -1.824
30.02	 -1.821
30.12	 -1.818
30.22	 -1.814
30.32	 -1.811
30.42	 -1.808
30.52	 -1.804
30.62	 -1.801
30.72	 -1.797
30.82	 -1.793
30.92	 -1.789
31.02	 -1.786
31.12	 -1.784
31.22	 -1.781
31.32	 -1.779
31.42	 -1.776
31.52	 -1.774
31.62	 -1.771
31.72	 -1.769
31.82	 -1.766
31.92	 -1.764
32.02	 -1.761
32.12	 -1.759
32.22	 -1.757
32.32	 -1.754
32.42	 -1.752
32.52	 -1.749
32.62	 -1.747
32.72	 -1.744
32.82	 -1.741
32.92	 -1.738
33.02	 -1.735
33.12	 -1.732
33.22	 -1.729
33.32	 -1.725
33.42	 -1.722
33.52	 -1.719
33.62	 -1.716
33.72	 -1.712
33.82	 -1.708
33.92	 -1.704
34.02	 -1.700
34.12	 -1.696
34.22	 -1.692
34.32	 -1.688
34.42	 -1.684
34.52	 -1.680
34.62	 -1.676
34.72	 -1.674
34.82	 -1.672
34.92	 -1.671
35.02	 -1.669
35.12	 -1.667
35.22	 -1.665
35.32	 -1.664
35.42	 -1.662
35.52	 -1.660
35.62	 -1.659
35.72	 -1.657
35.82	 -1.655
35.92	 -1.654
36.02	 -1.652
36.12	 -1.650
36.22	 -1.649
36.32	 -1.647
36.42	 -1.645
36.52	 -1.642
36.62	 -1.639
36.72	 -1.637
36.82	 -1.634
36.92	 -1.632
37.02	 -1.629
37.12	 -1.627
37.22	 -1.624
37.32	 -1.622
37.42	 -1.619
37.52	 -1.615
37.62	 -1.612
37.72	 -1.609
37.82	 -1.606
37.92	 -1.603
38.02	 -1.600
38.12	 -1.594
38.22	 -1.588
38.32	 -1.580
38.42	 -1.573
38.52	 -1.565
38.62	 -1.557
38.72	 -1.549
38.82	 -1.541
38.92	 -1.534
39.02	 -1.526
39.12	 -1.519
39.22	 -1.512
39.32	 -1.504
39.42	 -1.497
39.52	 -1.490
39.62	 -1.482
39.72	 -1.475
39.82	 -1.468
39.92	 -1.460
40.02	 -1.452
40.12	 -1.442
40.22	 -1.433
40.32	 -1.424
40.42	 -1.414
40.52	 -1.405
40.62	 -1.395
40.72	 -1.386
40.82	 -1.376
40.92	 -1.367
41.02	 -1.357
41.12	 -1.348
41.22	 -1.339
41.32	 -1.329
41.42	 -1.320
41.52	 -1.311
41.62	 -1.302
41.72	 -1.292
41.82	 -1.283
41.92	 -1.274
42.02	 -1.266
42.12	 -1.259
42.22	 -1.251
42.32	 -1.243
42.42	 -1.236
42.52	 -1.228
42.62	 -1.220
42.72	 -1.212
42.82	 -1.204
42.92	 -1.196
43.02	 -1.188
43.12	 -1.181
43.22	 -1.173
43.32	 -1.165
43.42	 -1.157
43.52	 -1.149
43.62	 -1.141
43.72	 -1.133
43.82	 -1.124
43.92	 -1.116
44.02	 -1.108
44.12	 -1.099
44.22	 -1.091
44.32	 -1.083
44.42	 -1.074
44.52	 -1.066
44.62	 -1.058
44.72	 -1.049
44.82	 -1.041
44.92	 -1.032
45.02	 -1.024
45.12	 -1.015
45.22	 -1.007
45.32	 -0.998
45.42	 -0.989
45.52	 -0.980
45.62	 -0.974
45.72	 -0.970
45.82	 -0.967
45.92	 -0.963
46.02	 -0.960
46.12	 -0.956
46.22	 -0.953
46.32	 -0.949
46.42	 -0.945
46.52	 -0.941
46.62	 -0.938
46.72	 -0.934
46.82	 -0.930
46.92	 -0.927
47.02	 -0.923
47.12	 -0.919
47.22	 -0.915
47.32	 -0.912
47.42	 -0.907
47.52	 -0.903
47.62	 -0.899
47.72	 -0.894
47.82	 -0.890
47.92	 -0.886
48.02	 -0.881
48.12	 -0.877
48.22	 -0.873
48.32	 -0.868
48.42	 -0.864
48.52	 -0.859
48.62	 -0.854
48.72	 -0.850
48.82	 -0.845
48.92	 -0.841
49.02	 -0.836
49.12	 -0.831
49.22	 -0.826
49.32	 -0.822
49.42	 -0.818
49.52	 -0.815
49.62	 -0.811
49.72	 -0.808
49.82	 -0.804
49.92	 -0.800
50.02	 -0.797
50.12	 -0.793
50.22	 -0.790
50.32	 -0.786
50.42	 -0.783
50.52	 -0.779
50.62	 -0.776
50.72	 -0.772
50.82	 -0.769
50.92	 -0.765
51.02	 -0.761
51.12	 -0.757
51.22	 -0.752
51.32	 -0.748
51.42	 -0.744
51.52	 -0.739
51.62	 -0.735
51.72	 -0.731
51.82	 -0.726
51.92	 -0.722
52.02	 -0.717
52.12	 -0.712
52.22	 -0.707
52.32	 -0.702
52.42	 -0.697
52.52	 -0.692
52.62	 -0.687
52.72	 -0.683
52.82	 -0.680
52.92	 -0.679
53.02	 -0.681
53.12	 -0.683
53.22	 -0.684
53.32	 -0.686
53.42	 -0.687
53.52	 -0.689
53.62	 -0.690
53.72	 -0.691
53.82	 -0.692
53.92	 -0.693
54.02	 -0.693
54.12	 -0.694
54.22	 -0.695
54.32	 -0.696
54.42	 -0.697
54.52	 -0.698
54.62	 -0.699
54.72	 -0.698
54.82	 -0.698
54.92	 -0.698
55.02	 -0.698
55.12	 -0.698
55.22	 -0.698
55.32	 -0.698
55.42	 -0.698
55.52	 -0.697
55.62	 -0.697
55.72	 -0.696
55.82	 -0.695
55.92	 -0.694
56.02	 -0.692
56.12	 -0.691
56.22	 -0.690
56.32	 -0.688
56.42	 -0.685
56.52	 -0.682
56.62	 -0.688
56.72	 -0.698
56.82	 -0.707
56.92	 -0.717
57.02	 -0.726
57.12	 -0.736
57.22	 -0.745
57.32	 -0.754
57.42	 -0.764
57.52	 -0.773
57.62	 -0.782
57.72	 -0.791
57.82	 -0.801
57.92	 -0.810
58.02	 -0.819
58.12	 -0.829
58.22	 -0.838
58.32	 -0.847
58.42	 -0.856
58.52	 -0.864
58.62	 -0.872
58.72	 -0.880
58.82	 -0.889
58.92	 -0.897
59.02	 -0.905
59.12	 -0.913
59.22	 -0.922
59.32	 -0.930
59.42	 -0.938
59.52	 -0.947
59.62	 -0.955
59.72	 -0.963
59.82	 -0.972
59.92	 -0.980
60.02	 -0.987
60.12	 -0.990
60.22	 -0.992
60.32	 -0.990
60.42	 -0.987
60.52	 -0.984
60.62	 -0.982
60.72	 -0.979
60.82	 -0.977
60.92	 -0.974
61.02	 -0.971
61.12	 -0.969
61.22	 -0.966
61.32	 -0.963
61.42	 -0.961
61.52	 -0.958
61.62	 -0.956
61.72	 -0.953
61.82	 -0.950
61.92	 -0.948
62.02	 -0.944
62.12	 -0.941
62.22	 -0.937
62.32	 -0.934
62.42	 -0.930
62.52	 -0.927
62.62	 -0.923
62.72	 -0.920
62.82	 -0.917
62.92	 -0.913
63.02	 -0.909
63.12	 -0.905
63.22	 -0.901
63.32	 -0.897
63.42	 -0.892
63.52	 -0.888
63.62	 -0.884
63.72	 -0.879
63.82	 -0.875
63.92	 -0.871
64.02	 -0.869
64.12	 -0.867
64.22	 -0.865
64.32	 -0.863
64.42	 -0.861
64.52	 -0.858
64.62	 -0.856
64.72	 -0.854
64.82	 -0.852
64.92	 -0.850
65.02	 -0.848
65.12	 -0.846
65.22	 -0.844
65.32	 -0.842
65.42	 -0.840
65.52	 -0.838
65.62	 -0.835
65.72	 -0.832
65.82	 -0.829
65.92	 -0.825
66.02	 -0.822
66.12	 -0.819
66.22	 -0.815
66.32	 -0.812
66.42	 -0.809
66.52	 -0.805
66.62	 -0.802
66.72	 -0.798
66.82	 -0.795
66.92	 -0.791
67.02	 -0.787
67.12	 -0.784
67.22	 -0.780
67.32	 -0.776
67.42	 -0.772
67.52	 -0.768
67.62	 -0.766
67.72	 -0.765
67.82	 -0.764
67.92	 -0.763
68.02	 -0.762
68.12	 -0.761
68.22	 -0.760
68.32	 -0.758
68.42	 -0.757
68.52	 -0.755
68.62	 -0.753
68.72	 -0.752
68.82	 -0.750
68.92	 -0.748
69.02	 -0.747
69.12	 -0.745
69.22	 -0.743
69.32	 -0.741
69.42	 -0.738
69.52	 -0.736
69.62	 -0.733
69.72	 -0.730
69.82	 -0.728
69.92	 -0.725
70.02	 -0.723
70.12	 -0.720
70.22	 -0.718
70.32	 -0.715
70.42	 -0.712
70.52	 -0.709
70.62	 -0.706
70.72	 -0.702
70.82	 -0.699
70.92	 -0.696
71.02	 -0.693
71.12	 -0.691
71.22	 -0.688
71.32	 -0.685
71.42	 -0.683
71.52	 -0.680
71.62	 -0.677
71.72	 -0.675
71.82	 -0.672
71.92	 -0.669
72.02	 -0.667
72.12	 -0.664
72.22	 -0.662
72.32	 -0.659
72.42	 -0.657
72.52	 -0.654
72.62	 -0.652
72.72	 -0.649
72.82	 -0.647
72.92	 -0.644
73.02	 -0.641
73.12	 -0.637
73.22	 -0.634
73.32	 -0.630
73.42	 -0.627
73.52	 -0.623
73.62	 -0.620
73.72	 -0.616
73.82	 -0.613
73.92	 -0.609
74.02	 -0.605
74.12	 -0.601
74.22	 -0.597
74.32	 -0.593
74.42	 -0.589
74.52	 -0.585
74.62	 -0.581
74.72	 -0.577
74.82	 -0.574
74.92	 -0.570
75.02	 -0.568
75.12	 -0.565
75.22	 -0.563
75.32	 -0.560
75.42	 -0.558
75.52	 -0.555
75.62	 -0.553
75.72	 -0.550
75.82	 -0.548
75.92	 -0.546
76.02	 -0.543
76.12	 -0.541
76.22	 -0.539
76.32	 -0.536
76.42	 -0.534
76.52	 -0.532
76.62	 -0.529
76.72	 -0.526
76.82	 -0.523
76.92	 -0.520
77.02	 -0.517
77.12	 -0.514
77.22	 -0.511
77.32	 -0.509
77.42	 -0.506
77.52	 -0.503
77.62	 -0.500
77.72	 -0.497
77.82	 -0.493
77.92	 -0.490
78.02	 -0.487
78.12	 -0.484
78.22	 -0.481
78.32	 -0.478
78.42	 -0.474
78.52	 -0.470
78.62	 -0.469
78.72	 -0.468
78.82	 -0.466
78.92	 -0.465
79.02	 -0.463
79.12	 -0.462
79.22	 -0.460
79.32	 -0.458
79.42	 -0.455
79.52	 -0.453
79.62	 -0.451
79.72	 -0.448
79.82	 -0.446
79.92	 -0.444
80.02	 -0.442
80.12	 -0.439
80.22	 -0.437
80.32	 -0.434
80.42	 -0.431
80.52	 -0.427
80.62	 -0.424
80.72	 -0.421
80.82	 -0.418
80.92	 -0.415
81.02	 -0.412
81.12	 -0.409
81.22	 -0.406
81.32	 -0.402
81.42	 -0.399
81.52	 -0.395
81.62	 -0.391
81.72	 -0.387
81.82	 -0.383
81.92	 -0.380
82.02	 -0.374
82.12	 -0.369
82.22	 -0.363
82.32	 -0.355
82.42	 -0.348
82.52	 -0.341
82.62	 -0.333
82.72	 -0.326
82.82	 -0.319
82.92	 -0.311
83.02	 -0.303
83.12	 -0.295
83.22	 -0.288
83.32	 -0.280
83.42	 -0.272
83.52	 -0.265
83.62	 -0.257
83.72	 -0.249
83.82	 -0.241
83.92	 -0.233
84.02	 -0.225
84.12	 -0.216
84.22	 -0.207
84.32	 -0.199
84.42	 -0.190
84.52	 -0.181
84.62	 -0.173
84.72	 -0.164
84.82	 -0.156
84.92	 -0.150
85.02	 -0.143
85.12	 -0.133
85.22	 -0.123
85.32	 -0.114
85.42	 -0.115
85.52	 -0.107
85.62	 -0.098
85.72	 -0.090
85.82	 -0.081
85.92	 -0.073
86.02	 -0.064
86.12	 -0.056
86.22	 -0.047
86.32	 -0.039
86.42	 -0.030
86.52	 -0.022
86.62	 -0.013
86.72	 -0.005
86.82	 0.004
86.92	 0.012
87.02	 0.021
87.12	 0.029
87.22	 0.037
87.32	 0.046
87.42	 0.054
87.52	 0.063
87.62	 0.071
87.72	 0.080
87.82	 0.088
87.92	 0.097
88.02	 0.105
88.12	 0.114
88.22	 0.122
88.32	 0.131
88.42	 0.139
88.52	 0.148
88.62	 0.156
88.72	 0.165
88.82	 0.173
88.92	 0.181
89.02	 0.190
89.12	 0.199
89.22	 0.207
89.32	 0.215
